ZKGKung1            	1.00	0.66	0.54	0.52	0.02	0.02	0.02	0.02	0.00	0.00	0.00	0.01	0.00	0.01	0.03	0.03	0.03	0.03	0.01	0.01	0.01	0.02	0.02	0.02	0.02	0.00	0.01	0.00	0.00	0.00	0.00	0.00	0.01	0.00	0.00	0.00	0.00	0.00	0.00	0.00	0.00	0.02	0.02	0.00
BNMKung2            	0.66	1.00	0.70	0.58	0.03	0.02	0.02	0.02	0.01	0.01	0.01	0.02	0.00	0.02	0.02	0.02	0.02	0.02	0.01	0.01	0.01	0.01	0.01	0.01	0.01	0.00	0.01	0.00	0.00	0.00	0.00	0.00	0.01	0.00	0.00	0.00	0.00	0.00	0.00	0.00	0.00	0.02	0.02	0.00
NJSKung4            	0.54	0.70	1.00	0.72	0.05	0.03	0.04	0.04	0.01	0.01	0.01	0.02	0.00	0.01	0.02	0.02	0.02	0.02	0.01	0.01	0.01	0.01	0.01	0.01	0.01	0.00	0.01	0.00	0.01	0.00	0.00	0.00	0.01	0.00	0.00	0.00	0.00	0.00	0.00	0.00	0.00	0.01	0.02	0.00
KCSKung3            	0.52	0.58	0.72	1.00	0.04	0.05	0.04	0.04	0.00	0.01	0.01	0.01	0.00	0.01	0.03	0.03	0.04	0.04	0.01	0.01	0.01	0.01	0.01	0.02	0.02	0.00	0.01	0.01	0.01	0.02	0.02	0.01	0.02	0.01	0.02	0.01	0.01	0.01	0.02	0.01	0.01	0.01	0.02	0.00
NVIAjumbu1          	0.02	0.03	0.05	0.04	1.00	0.77	0.70	0.65	0.03	0.04	0.04	0.04	0.03	0.02	0.10	0.10	0.11	0.11	0.05	0.04	0.02	0.05	0.05	0.06	0.06	0.00	0.00	0.01	0.01	0.01	0.01	0.01	0.01	0.01	0.02	0.01	0.01	0.01	0.01	0.02	0.02	0.00	0.00	0.00
KMNAjumbu2          	0.02	0.02	0.03	0.05	0.77	1.00	0.76	0.71	0.02	0.02	0.02	0.02	0.02	0.02	0.08	0.08	0.10	0.10	0.04	0.04	0.02	0.03	0.03	0.04	0.04	0.00	0.00	0.01	0.01	0.01	0.01	0.01	0.01	0.01	0.02	0.01	0.01	0.01	0.01	0.02	0.02	0.00	0.00	0.00
NEMAjumbu9          	0.02	0.02	0.04	0.04	0.70	0.76	1.00	0.80	0.01	0.01	0.01	0.01	0.02	0.02	0.07	0.07	0.11	0.11	0.04	0.04	0.02	0.04	0.04	0.03	0.03	0.00	0.00	0.01	0.00	0.01	0.01	0.01	0.00	0.00	0.01	0.00	0.00	0.00	0.00	0.01	0.01	0.00	0.00	0.00
KDCAjumbu10         	0.02	0.02	0.04	0.04	0.65	0.71	0.80	1.00	0.01	0.01	0.01	0.01	0.01	0.01	0.07	0.07	0.08	0.08	0.03	0.03	0.02	0.04	0.04	0.03	0.03	0.00	0.00	0.00	0.00	0.00	0.00	0.00	0.00	0.00	0.01	0.00	0.00	0.00	0.00	0.01	0.01	0.00	0.00	0.00
NMNMundabli3        	0.00	0.01	0.01	0.00	0.03	0.02	0.01	0.01	1.00	0.74	0.66	0.73	0.48	0.52	0.20	0.22	0.21	0.19	0.09	0.07	0.09	0.06	0.05	0.05	0.07	0.04	0.04	0.01	0.01	0.00	0.01	0.00	0.00	0.01	0.01	0.00	0.00	0.00	0.00	0.00	0.00	0.01	0.01	0.03
CENMundabli2        	0.00	0.01	0.01	0.01	0.04	0.02	0.01	0.01	0.74	1.00	0.72	0.73	0.55	0.57	0.17	0.19	0.20	0.18	0.09	0.08	0.08	0.05	0.05	0.06	0.06	0.04	0.04	0.01	0.01	0.01	0.01	0.01	0.01	0.02	0.02	0.01	0.01	0.01	0.01	0.01	0.01	0.01	0.01	0.02
NINMundabli4        	0.00	0.01	0.01	0.01	0.04	0.02	0.01	0.01	0.66	0.72	1.00	0.73	0.50	0.52	0.17	0.16	0.19	0.17	0.07	0.06	0.10	0.05	0.05	0.05	0.06	0.04	0.04	0.01	0.01	0.01	0.02	0.01	0.01	0.02	0.02	0.01	0.01	0.01	0.01	0.01	0.01	0.01	0.01	0.03
LFNMundabli1        	0.01	0.02	0.02	0.01	0.04	0.02	0.01	0.01	0.73	0.73	0.73	1.00	0.51	0.56	0.20	0.21	0.22	0.20	0.08	0.07	0.11	0.07	0.06	0.05	0.07	0.04	0.04	0.01	0.01	0.01	0.02	0.01	0.01	0.02	0.02	0.01	0.01	0.01	0.02	0.01	0.01	0.01	0.01	0.03
DNMMumfu2           	0.00	0.00	0.00	0.00	0.03	0.02	0.02	0.01	0.48	0.55	0.50	0.51	1.00	0.70	0.17	0.16	0.18	0.17	0.07	0.07	0.08	0.04	0.03	0.03	0.02	0.03	0.03	0.02	0.00	0.01	0.01	0.01	0.00	0.01	0.01	0.00	0.00	0.00	0.00	0.01	0.00	0.01	0.01	0.02
APBMumfu1           	0.01	0.02	0.01	0.01	0.02	0.02	0.02	0.01	0.52	0.57	0.52	0.56	0.70	1.00	0.19	0.19	0.21	0.19	0.07	0.07	0.08	0.04	0.04	0.04	0.04	0.03	0.04	0.01	0.00	0.01	0.01	0.01	0.00	0.01	0.01	0.00	0.00	0.00	0.00	0.01	0.00	0.01	0.01	0.02
NNBBuu3             	0.03	0.02	0.02	0.03	0.10	0.08	0.07	0.07	0.20	0.17	0.17	0.20	0.17	0.19	1.00	0.77	0.74	0.74	0.15	0.15	0.13	0.15	0.15	0.19	0.20	0.02	0.03	0.05	0.04	0.06	0.06	0.06	0.05	0.06	0.05	0.06	0.05	0.05	0.06	0.04	0.04	0.04	0.03	0.03
MNJBuu4             	0.03	0.02	0.02	0.03	0.10	0.08	0.07	0.07	0.22	0.19	0.16	0.21	0.16	0.19	0.77	1.00	0.72	0.72	0.14	0.12	0.13	0.13	0.14	0.18	0.20	0.03	0.04	0.04	0.04	0.05	0.05	0.04	0.05	0.05	0.05	0.04	0.04	0.04	0.05	0.04	0.04	0.04	0.03	0.02
KEMBuu1             	0.03	0.02	0.02	0.04	0.11	0.10	0.11	0.08	0.21	0.20	0.19	0.22	0.18	0.21	0.74	0.72	1.00	0.83	0.12	0.12	0.12	0.15	0.16	0.19	0.21	0.02	0.03	0.06	0.03	0.07	0.07	0.07	0.06	0.05	0.06	0.05	0.06	0.06	0.07	0.05	0.04	0.03	0.03	0.03
KCYBuu2             	0.03	0.02	0.02	0.04	0.11	0.10	0.11	0.08	0.19	0.18	0.17	0.20	0.17	0.19	0.74	0.72	0.83	1.00	0.11	0.11	0.12	0.13	0.14	0.16	0.18	0.02	0.03	0.05	0.02	0.05	0.06	0.06	0.05	0.04	0.05	0.03	0.04	0.04	0.04	0.04	0.03	0.03	0.02	0.03
TELKoshin4          	0.01	0.01	0.01	0.01	0.05	0.04	0.04	0.03	0.09	0.09	0.07	0.08	0.07	0.07	0.15	0.14	0.12	0.11	1.00	0.71	0.59	0.14	0.14	0.16	0.16	0.04	0.04	0.02	0.01	0.02	0.02	0.01	0.01	0.02	0.02	0.01	0.01	0.01	0.02	0.02	0.02	0.01	0.01	0.04
JGYKoshin3          	0.01	0.01	0.01	0.01	0.04	0.04	0.04	0.03	0.07	0.08	0.06	0.07	0.07	0.07	0.15	0.12	0.12	0.11	0.71	1.00	0.68	0.15	0.15	0.16	0.16	0.04	0.04	0.02	0.01	0.02	0.02	0.02	0.01	0.03	0.02	0.02	0.01	0.01	0.02	0.02	0.02	0.01	0.01	0.05
MRYKoshin2          	0.01	0.01	0.01	0.01	0.02	0.02	0.02	0.02	0.09	0.08	0.10	0.11	0.08	0.08	0.13	0.13	0.12	0.12	0.59	0.68	1.00	0.20	0.20	0.22	0.22	0.05	0.06	0.00	0.00	0.00	0.01	0.00	0.00	0.00	0.00	0.00	0.00	0.00	0.00	0.00	0.00	0.00	0.00	0.07
KHKFang12           	0.02	0.01	0.01	0.01	0.05	0.03	0.04	0.04	0.06	0.05	0.05	0.07	0.04	0.04	0.15	0.13	0.15	0.13	0.14	0.15	0.20	1.00	0.81	0.73	0.69	0.04	0.04	0.01	0.01	0.02	0.02	0.01	0.01	0.02	0.03	0.01	0.01	0.01	0.02	0.01	0.01	0.01	0.01	0.02
DPNFang13           	0.02	0.01	0.01	0.01	0.05	0.03	0.04	0.04	0.05	0.05	0.05	0.06	0.03	0.04	0.15	0.14	0.16	0.14	0.14	0.15	0.20	0.81	1.00	0.77	0.74	0.04	0.04	0.02	0.02	0.02	0.02	0.02	0.02	0.03	0.03	0.02	0.02	0.02	0.02	0.01	0.01	0.02	0.02	0.02
KJSFang2            	0.02	0.01	0.01	0.02	0.06	0.04	0.03	0.03	0.05	0.06	0.05	0.05	0.03	0.04	0.19	0.18	0.19	0.16	0.16	0.16	0.22	0.73	0.77	1.00	0.89	0.02	0.03	0.02	0.02	0.02	0.02	0.02	0.02	0.02	0.02	0.02	0.02	0.02	0.02	0.02	0.02	0.02	0.01	0.03
KDVFang1            	0.02	0.01	0.01	0.02	0.06	0.04	0.03	0.03	0.07	0.06	0.06	0.07	0.02	0.04	0.20	0.20	0.21	0.18	0.16	0.16	0.22	0.69	0.74	0.89	1.00	0.02	0.03	0.02	0.02	0.02	0.03	0.02	0.02	0.02	0.02	0.02	0.02	0.02	0.02	0.02	0.02	0.02	0.01	0.04
KFKMashi1           	0.00	0.00	0.00	0.00	0.00	0.00	0.00	0.00	0.04	0.04	0.04	0.04	0.03	0.03	0.02	0.03	0.02	0.02	0.04	0.04	0.05	0.04	0.04	0.02	0.02	1.00	0.85	0.00	0.00	0.00	0.00	0.00	0.00	0.00	0.00	0.00	0.00	0.00	0.00	0.00	0.00	0.00	0.00	0.00
BKBMashi2           	0.01	0.01	0.01	0.01	0.00	0.00	0.00	0.00	0.04	0.04	0.04	0.04	0.03	0.04	0.03	0.04	0.03	0.03	0.04	0.04	0.06	0.04	0.04	0.03	0.03	0.85	1.00	0.00	0.00	0.00	0.00	0.00	0.00	0.00	0.00	0.00	0.00	0.00	0.00	0.00	0.00	0.00	0.00	0.00
NUNMunken4          	0.00	0.00	0.00	0.01	0.01	0.01	0.01	0.00	0.01	0.01	0.01	0.01	0.02	0.01	0.05	0.04	0.06	0.05	0.02	0.02	0.00	0.01	0.02	0.02	0.02	0.00	0.00	1.00	0.68	0.66	0.66	0.43	0.42	0.43	0.41	0.42	0.42	0.42	0.44	0.43	0.40	0.16	0.17	0.00
NGTMunken3          	0.00	0.00	0.01	0.01	0.01	0.01	0.00	0.00	0.01	0.01	0.01	0.01	0.00	0.00	0.04	0.04	0.03	0.02	0.01	0.01	0.00	0.01	0.02	0.02	0.02	0.00	0.00	0.68	1.00	0.64	0.66	0.40	0.44	0.42	0.42	0.41	0.41	0.41	0.43	0.43	0.38	0.15	0.18	0.00
TNTMunken2          	0.00	0.00	0.00	0.02	0.01	0.01	0.01	0.00	0.00	0.01	0.01	0.01	0.01	0.01	0.06	0.05	0.07	0.05	0.02	0.02	0.00	0.02	0.02	0.02	0.02	0.00	0.00	0.66	0.64	1.00	0.74	0.38	0.38	0.40	0.39	0.38	0.36	0.38	0.40	0.39	0.32	0.18	0.17	0.00
NEAMunken1          	0.00	0.00	0.00	0.02	0.01	0.01	0.01	0.00	0.01	0.01	0.02	0.02	0.01	0.01	0.06	0.05	0.07	0.06	0.02	0.02	0.01	0.02	0.02	0.02	0.03	0.00	0.00	0.66	0.66	0.74	1.00	0.38	0.39	0.41	0.39	0.38	0.39	0.40	0.40	0.42	0.34	0.16	0.18	0.01
NVBAbar7            	0.00	0.00	0.00	0.01	0.01	0.01	0.01	0.00	0.00	0.01	0.01	0.01	0.01	0.01	0.06	0.04	0.07	0.06	0.01	0.02	0.00	0.01	0.02	0.02	0.02	0.00	0.00	0.43	0.40	0.38	0.38	1.00	0.78	0.77	0.71	0.51	0.50	0.44	0.45	0.43	0.42	0.18	0.20	0.00
ECLAbar8            	0.01	0.01	0.01	0.02	0.01	0.01	0.00	0.00	0.00	0.01	0.01	0.01	0.00	0.00	0.05	0.05	0.06	0.05	0.01	0.01	0.00	0.01	0.02	0.02	0.02	0.00	0.00	0.42	0.44	0.38	0.39	0.78	1.00	0.80	0.72	0.53	0.56	0.49	0.48	0.46	0.46	0.19	0.21	0.00
NACAbar2            	0.00	0.00	0.00	0.01	0.01	0.01	0.00	0.00	0.01	0.02	0.02	0.02	0.01	0.01	0.06	0.05	0.05	0.04	0.02	0.03	0.00	0.02	0.03	0.02	0.02	0.00	0.00	0.43	0.42	0.40	0.41	0.77	0.80	1.00	0.78	0.57	0.55	0.51	0.54	0.45	0.48	0.22	0.23	0.00
NMAAbar1            	0.00	0.00	0.00	0.02	0.02	0.02	0.01	0.01	0.01	0.02	0.02	0.02	0.01	0.01	0.05	0.05	0.06	0.05	0.02	0.02	0.00	0.03	0.03	0.02	0.02	0.00	0.00	0.41	0.42	0.39	0.39	0.71	0.72	0.78	1.00	0.50	0.52	0.48	0.49	0.41	0.45	0.21	0.21	0.00
MCANgun3            	0.00	0.00	0.00	0.01	0.01	0.01	0.00	0.00	0.00	0.01	0.01	0.01	0.00	0.00	0.06	0.04	0.05	0.03	0.01	0.02	0.00	0.01	0.02	0.02	0.02	0.00	0.00	0.42	0.41	0.38	0.38	0.51	0.53	0.57	0.50	1.00	0.73	0.65	0.73	0.55	0.59	0.16	0.18	0.00
KBMNgun4            	0.00	0.00	0.00	0.01	0.01	0.01	0.00	0.00	0.00	0.01	0.01	0.01	0.00	0.00	0.05	0.04	0.06	0.04	0.01	0.01	0.00	0.01	0.02	0.02	0.02	0.00	0.00	0.42	0.41	0.36	0.39	0.50	0.56	0.55	0.52	0.73	1.00	0.67	0.70	0.58	0.59	0.16	0.18	0.00
WCANgun1            	0.00	0.00	0.00	0.01	0.01	0.01	0.00	0.00	0.00	0.01	0.01	0.01	0.00	0.00	0.05	0.04	0.06	0.04	0.01	0.01	0.00	0.01	0.02	0.02	0.02	0.00	0.00	0.42	0.41	0.38	0.40	0.44	0.49	0.51	0.48	0.65	0.67	1.00	0.74	0.54	0.56	0.16	0.17	0.00
AOMNgun2            	0.00	0.00	0.00	0.02	0.01	0.01	0.00	0.00	0.00	0.01	0.01	0.02	0.00	0.00	0.06	0.05	0.07	0.04	0.02	0.02	0.00	0.02	0.02	0.02	0.02	0.00	0.00	0.44	0.43	0.40	0.40	0.45	0.48	0.54	0.49	0.73	0.70	0.74	1.00	0.54	0.60	0.17	0.18	0.00
ICNBiya2            	0.00	0.00	0.00	0.01	0.02	0.02	0.01	0.01	0.00	0.01	0.01	0.01	0.01	0.01	0.04	0.04	0.05	0.04	0.02	0.02	0.00	0.01	0.01	0.02	0.02	0.00	0.00	0.43	0.43	0.39	0.42	0.43	0.46	0.45	0.41	0.55	0.58	0.54	0.54	1.00	0.58	0.14	0.17	0.00
ENBBiya1            	0.00	0.00	0.00	0.01	0.02	0.02	0.01	0.01	0.00	0.01	0.01	0.01	0.00	0.00	0.04	0.04	0.04	0.03	0.02	0.02	0.00	0.01	0.01	0.02	0.02	0.00	0.00	0.40	0.38	0.32	0.34	0.42	0.46	0.48	0.45	0.59	0.59	0.56	0.60	0.58	1.00	0.12	0.16	0.00
AGAMissong2         	0.02	0.02	0.01	0.01	0.00	0.00	0.00	0.00	0.01	0.01	0.01	0.01	0.01	0.01	0.04	0.04	0.03	0.03	0.01	0.01	0.00	0.01	0.02	0.02	0.02	0.00	0.00	0.16	0.15	0.18	0.16	0.18	0.19	0.22	0.21	0.16	0.16	0.16	0.17	0.14	0.12	1.00	0.73	0.00
ABSMissong1         	0.02	0.02	0.02	0.02	0.00	0.00	0.00	0.00	0.01	0.01	0.01	0.01	0.01	0.01	0.03	0.03	0.03	0.02	0.01	0.01	0.00	0.01	0.02	0.01	0.01	0.00	0.00	0.17	0.18	0.17	0.18	0.20	0.21	0.23	0.21	0.18	0.18	0.17	0.18	0.17	0.16	0.73	1.00	0.00
DPJKoshin1          	0.00	0.00	0.00	0.00	0.00	0.00	0.00	0.00	0.03	0.02	0.03	0.03	0.02	0.02	0.03	0.02	0.03	0.03	0.04	0.05	0.07	0.02	0.02	0.03	0.04	0.00	0.00	0.00	0.00	0.00	0.01	0.00	0.00	0.00	0.00	0.00	0.00	0.00	0.00	0.00	0.00	0.00	0.00	1.00
