NJSKung4            	1.00	0.72	0.66	0.49	0.00	0.00	0.00	0.00	0.00	0.00	0.01	0.01	0.00	0.00	0.00	0.00	0.00	0.00	0.00	0.00	0.02	0.02	0.03	0.05	0.00	0.01	0.00	0.00	0.01	0.01	0.02	0.02	0.02	0.02	0.01	0.01	0.01	0.01	0.00	0.00	0.01	0.01	0.01	0.00
KCSKung3            	0.72	1.00	0.55	0.48	0.00	0.00	0.01	0.01	0.00	0.01	0.01	0.01	0.01	0.01	0.01	0.01	0.00	0.01	0.00	0.00	0.03	0.03	0.03	0.03	0.01	0.01	0.00	0.01	0.02	0.01	0.03	0.03	0.05	0.05	0.02	0.01	0.01	0.02	0.01	0.01	0.01	0.01	0.01	0.00
BNMKung2            	0.66	0.55	1.00	0.49	0.00	0.00	0.00	0.00	0.00	0.00	0.00	0.00	0.00	0.00	0.00	0.00	0.00	0.00	0.00	0.00	0.01	0.01	0.01	0.01	0.00	0.01	0.01	0.01	0.01	0.01	0.02	0.02	0.01	0.01	0.01	0.01	0.00	0.00	0.01	0.01	0.00	0.00	0.00	0.00
ZKGKung1            	0.49	0.48	0.49	1.00	0.00	0.00	0.00	0.00	0.00	0.00	0.00	0.00	0.00	0.00	0.00	0.00	0.00	0.00	0.00	0.00	0.01	0.01	0.01	0.01	0.01	0.01	0.01	0.01	0.01	0.01	0.03	0.03	0.01	0.01	0.02	0.02	0.00	0.00	0.01	0.01	0.00	0.00	0.00	0.00
NUNMunken4          	0.00	0.00	0.00	0.00	1.00	0.72	0.66	0.65	0.41	0.42	0.36	0.37	0.43	0.39	0.39	0.40	0.38	0.38	0.11	0.12	0.01	0.01	0.00	0.01	0.00	0.00	0.02	0.02	0.00	0.00	0.07	0.06	0.03	0.03	0.01	0.01	0.01	0.01	0.04	0.03	0.01	0.00	0.00	0.00
NGTMunken3          	0.00	0.00	0.00	0.00	0.72	1.00	0.65	0.65	0.42	0.42	0.37	0.38	0.46	0.41	0.39	0.42	0.37	0.37	0.12	0.14	0.01	0.02	0.00	0.00	0.00	0.00	0.02	0.01	0.00	0.00	0.06	0.06	0.02	0.02	0.01	0.01	0.00	0.00	0.03	0.03	0.00	0.00	0.00	0.00
TNTMunken2          	0.00	0.01	0.00	0.00	0.66	0.65	1.00	0.59	0.36	0.34	0.22	0.21	0.36	0.31	0.38	0.38	0.23	0.22	0.05	0.06	0.00	0.00	0.00	0.00	0.01	0.00	0.00	0.00	0.00	0.00	0.04	0.03	0.01	0.01	0.00	0.01	0.00	0.00	0.01	0.01	0.00	0.00	0.00	0.00
NEAMunken1          	0.00	0.01	0.00	0.00	0.65	0.65	0.59	1.00	0.35	0.34	0.24	0.23	0.38	0.32	0.35	0.37	0.25	0.25	0.06	0.07	0.00	0.00	0.00	0.00	0.00	0.00	0.01	0.00	0.00	0.01	0.04	0.03	0.02	0.02	0.01	0.02	0.00	0.00	0.02	0.02	0.01	0.00	0.00	0.00
MCANgun3            	0.00	0.00	0.00	0.00	0.41	0.42	0.36	0.35	1.00	0.74	0.70	0.63	0.53	0.57	0.45	0.48	0.51	0.47	0.13	0.14	0.02	0.02	0.00	0.00	0.00	0.00	0.01	0.01	0.01	0.00	0.06	0.05	0.02	0.02	0.01	0.00	0.00	0.00	0.02	0.03	0.00	0.00	0.00	0.00
KBMNgun4            	0.00	0.01	0.00	0.00	0.42	0.42	0.34	0.34	0.74	1.00	0.69	0.64	0.55	0.56	0.45	0.50	0.52	0.50	0.14	0.14	0.02	0.02	0.00	0.00	0.00	0.00	0.01	0.01	0.00	0.00	0.06	0.05	0.03	0.03	0.01	0.01	0.00	0.00	0.02	0.02	0.00	0.00	0.00	0.00
AOMNgun2            	0.01	0.01	0.00	0.00	0.36	0.37	0.22	0.24	0.70	0.69	1.00	0.45	0.54	0.59	0.42	0.45	0.32	0.29	0.07	0.07	0.01	0.01	0.00	0.00	0.00	0.00	0.00	0.00	0.00	0.00	0.04	0.02	0.01	0.02	0.00	0.00	0.00	0.00	0.01	0.01	0.00	0.00	0.00	0.00
WCANgun1            	0.01	0.01	0.00	0.00	0.37	0.38	0.21	0.23	0.63	0.64	0.45	1.00	0.52	0.55	0.41	0.46	0.32	0.28	0.06	0.07	0.01	0.01	0.00	0.00	0.00	0.00	0.00	0.00	0.01	0.00	0.03	0.03	0.02	0.02	0.00	0.01	0.00	0.00	0.01	0.01	0.00	0.00	0.00	0.00
ICNBiya2            	0.00	0.01	0.00	0.00	0.43	0.46	0.36	0.38	0.53	0.55	0.54	0.52	1.00	0.60	0.37	0.41	0.39	0.38	0.11	0.12	0.02	0.02	0.01	0.01	0.00	0.00	0.02	0.02	0.01	0.00	0.05	0.06	0.02	0.02	0.00	0.00	0.00	0.00	0.03	0.03	0.00	0.00	0.00	0.00
ENBBiya1            	0.00	0.01	0.00	0.00	0.39	0.41	0.31	0.32	0.57	0.56	0.59	0.55	0.60	1.00	0.40	0.43	0.44	0.44	0.11	0.12	0.02	0.02	0.01	0.01	0.00	0.00	0.01	0.01	0.01	0.00	0.04	0.05	0.02	0.02	0.00	0.00	0.00	0.00	0.03	0.03	0.00	0.00	0.00	0.00
NVBAbar7            	0.00	0.01	0.00	0.00	0.39	0.39	0.38	0.35	0.45	0.45	0.42	0.41	0.37	0.40	1.00	0.75	0.75	0.70	0.16	0.17	0.01	0.02	0.00	0.00	0.00	0.00	0.01	0.01	0.00	0.00	0.08	0.08	0.05	0.04	0.00	0.00	0.00	0.00	0.02	0.03	0.00	0.00	0.00	0.00
ECLAbar8            	0.00	0.01	0.00	0.00	0.40	0.42	0.38	0.37	0.48	0.50	0.45	0.46	0.41	0.43	0.75	1.00	0.76	0.72	0.17	0.18	0.01	0.02	0.00	0.00	0.00	0.00	0.01	0.01	0.00	0.00	0.07	0.08	0.04	0.04	0.00	0.01	0.00	0.00	0.02	0.02	0.00	0.00	0.00	0.00
NACAbar2            	0.00	0.00	0.00	0.00	0.38	0.37	0.23	0.25	0.51	0.52	0.32	0.32	0.39	0.44	0.75	0.76	1.00	0.59	0.11	0.13	0.00	0.00	0.00	0.01	0.00	0.00	0.00	0.00	0.00	0.00	0.04	0.04	0.03	0.03	0.00	0.01	0.00	0.00	0.01	0.01	0.00	0.00	0.00	0.00
NMAAbar1            	0.00	0.01	0.00	0.00	0.38	0.37	0.22	0.25	0.47	0.50	0.29	0.28	0.38	0.44	0.70	0.72	0.59	1.00	0.10	0.12	0.00	0.00	0.00	0.00	0.00	0.00	0.00	0.00	0.00	0.00	0.03	0.03	0.02	0.03	0.00	0.01	0.00	0.00	0.01	0.01	0.00	0.00	0.00	0.00
AGAMissong2         	0.00	0.00	0.00	0.00	0.11	0.12	0.05	0.06	0.13	0.14	0.07	0.06	0.11	0.11	0.16	0.17	0.11	0.10	1.00	0.57	0.00	0.00	0.00	0.00	0.00	0.00	0.00	0.00	0.00	0.00	0.02	0.02	0.01	0.01	0.01	0.01	0.00	0.00	0.01	0.01	0.00	0.00	0.00	0.00
ABSMissong1         	0.00	0.00	0.00	0.00	0.12	0.14	0.06	0.07	0.14	0.14	0.07	0.07	0.12	0.12	0.17	0.18	0.13	0.12	0.57	1.00	0.00	0.00	0.00	0.00	0.00	0.00	0.00	0.00	0.00	0.00	0.01	0.01	0.01	0.01	0.00	0.01	0.00	0.00	0.01	0.01	0.00	0.00	0.00	0.00
NEMAjumbu9          	0.02	0.03	0.01	0.01	0.01	0.01	0.00	0.00	0.02	0.02	0.01	0.01	0.02	0.02	0.01	0.01	0.00	0.00	0.00	0.00	1.00	0.75	0.73	0.69	0.02	0.01	0.04	0.04	0.01	0.02	0.05	0.05	0.09	0.09	0.05	0.05	0.04	0.06	0.05	0.04	0.04	0.00	0.00	0.00
KDCAjumbu10         	0.02	0.03	0.01	0.01	0.01	0.02	0.00	0.00	0.02	0.02	0.01	0.01	0.02	0.02	0.02	0.02	0.00	0.00	0.00	0.00	0.75	1.00	0.69	0.64	0.01	0.01	0.03	0.03	0.01	0.02	0.05	0.05	0.07	0.07	0.05	0.05	0.04	0.06	0.04	0.04	0.03	0.00	0.00	0.00
KMNAjumbu2          	0.03	0.03	0.01	0.01	0.00	0.00	0.00	0.00	0.00	0.00	0.00	0.00	0.01	0.01	0.00	0.00	0.00	0.00	0.00	0.00	0.73	0.69	1.00	0.58	0.00	0.00	0.02	0.02	0.01	0.01	0.05	0.05	0.05	0.04	0.02	0.02	0.02	0.04	0.02	0.02	0.03	0.00	0.00	0.00
NVIAjumbu1          	0.05	0.03	0.01	0.01	0.01	0.00	0.00	0.00	0.00	0.00	0.00	0.00	0.01	0.01	0.00	0.00	0.01	0.00	0.00	0.00	0.69	0.64	0.58	1.00	0.01	0.01	0.03	0.03	0.01	0.01	0.06	0.06	0.05	0.05	0.04	0.04	0.03	0.03	0.03	0.02	0.02	0.00	0.00	0.00
DNMMumfu2           	0.00	0.01	0.00	0.01	0.00	0.00	0.01	0.00	0.00	0.00	0.00	0.00	0.00	0.00	0.00	0.00	0.00	0.00	0.00	0.00	0.02	0.01	0.00	0.01	1.00	0.54	0.45	0.49	0.32	0.32	0.15	0.16	0.10	0.10	0.02	0.02	0.04	0.03	0.05	0.04	0.02	0.01	0.01	0.01
APBMumfu1           	0.01	0.01	0.01	0.01	0.00	0.00	0.00	0.00	0.00	0.00	0.00	0.00	0.00	0.00	0.00	0.00	0.00	0.00	0.00	0.00	0.01	0.01	0.00	0.01	0.54	1.00	0.49	0.54	0.36	0.36	0.15	0.16	0.10	0.09	0.02	0.02	0.03	0.02	0.05	0.04	0.02	0.01	0.01	0.01
NMNMundabli3        	0.00	0.00	0.01	0.01	0.02	0.02	0.00	0.01	0.01	0.01	0.00	0.00	0.02	0.01	0.01	0.01	0.00	0.00	0.00	0.00	0.04	0.03	0.02	0.03	0.45	0.49	1.00	0.77	0.69	0.66	0.17	0.20	0.20	0.18	0.07	0.06	0.04	0.06	0.11	0.09	0.06	0.03	0.03	0.01
CENMundabli2        	0.00	0.01	0.01	0.01	0.02	0.01	0.00	0.00	0.01	0.01	0.00	0.00	0.02	0.01	0.01	0.01	0.00	0.00	0.00	0.00	0.04	0.03	0.02	0.03	0.49	0.54	0.77	1.00	0.69	0.70	0.15	0.17	0.18	0.16	0.08	0.05	0.06	0.05	0.09	0.09	0.07	0.02	0.02	0.00
LFNMundabli1        	0.01	0.02	0.01	0.01	0.00	0.00	0.00	0.00	0.01	0.00	0.00	0.01	0.01	0.01	0.00	0.00	0.00	0.00	0.00	0.00	0.01	0.01	0.01	0.01	0.32	0.36	0.69	0.69	1.00	0.58	0.17	0.20	0.10	0.10	0.06	0.06	0.04	0.04	0.08	0.07	0.04	0.01	0.01	0.01
NINMundabli4        	0.01	0.01	0.01	0.01	0.00	0.00	0.00	0.01	0.00	0.00	0.00	0.00	0.00	0.00	0.00	0.00	0.00	0.00	0.00	0.00	0.02	0.02	0.01	0.01	0.32	0.36	0.66	0.70	0.58	1.00	0.16	0.15	0.10	0.10	0.06	0.06	0.03	0.03	0.06	0.05	0.04	0.01	0.01	0.01
NNBBuu3             	0.02	0.03	0.02	0.03	0.07	0.06	0.04	0.04	0.06	0.06	0.04	0.03	0.05	0.04	0.08	0.07	0.04	0.03	0.02	0.01	0.05	0.05	0.05	0.06	0.15	0.15	0.17	0.15	0.17	0.16	1.00	0.78	0.74	0.73	0.15	0.11	0.14	0.18	0.12	0.13	0.10	0.02	0.02	0.03
MNJBuu4             	0.02	0.03	0.02	0.03	0.06	0.06	0.03	0.03	0.05	0.05	0.02	0.03	0.06	0.05	0.08	0.08	0.04	0.03	0.02	0.01	0.05	0.05	0.05	0.06	0.16	0.16	0.20	0.17	0.20	0.15	0.78	1.00	0.72	0.71	0.14	0.10	0.14	0.19	0.13	0.12	0.10	0.03	0.03	0.02
KEMBuu1             	0.02	0.05	0.01	0.01	0.03	0.02	0.01	0.02	0.02	0.03	0.01	0.02	0.02	0.02	0.05	0.04	0.03	0.02	0.01	0.01	0.09	0.07	0.05	0.05	0.10	0.10	0.20	0.18	0.10	0.10	0.74	0.72	1.00	0.68	0.16	0.17	0.12	0.13	0.12	0.13	0.07	0.01	0.01	0.02
KCYBuu2             	0.02	0.05	0.01	0.01	0.03	0.02	0.01	0.02	0.02	0.03	0.02	0.02	0.02	0.02	0.04	0.04	0.03	0.03	0.01	0.01	0.09	0.07	0.04	0.05	0.10	0.09	0.18	0.16	0.10	0.10	0.73	0.71	0.68	1.00	0.14	0.15	0.10	0.11	0.11	0.11	0.07	0.01	0.01	0.02
KHKFang12           	0.01	0.02	0.01	0.02	0.01	0.01	0.00	0.01	0.01	0.01	0.00	0.00	0.00	0.00	0.00	0.00	0.00	0.00	0.01	0.00	0.05	0.05	0.02	0.04	0.02	0.02	0.07	0.08	0.06	0.06	0.15	0.14	0.16	0.14	1.00	0.76	0.73	0.70	0.11	0.13	0.20	0.04	0.04	0.03
DPNFang13           	0.01	0.01	0.01	0.02	0.01	0.01	0.01	0.02	0.00	0.01	0.00	0.01	0.00	0.00	0.00	0.01	0.01	0.01	0.01	0.01	0.05	0.05	0.02	0.04	0.02	0.02	0.06	0.05	0.06	0.06	0.11	0.10	0.17	0.15	0.76	1.00	0.77	0.75	0.11	0.12	0.20	0.04	0.04	0.03
KJSFang2            	0.01	0.01	0.00	0.00	0.01	0.00	0.00	0.00	0.00	0.00	0.00	0.00	0.00	0.00	0.00	0.00	0.00	0.00	0.00	0.00	0.04	0.04	0.02	0.03	0.04	0.03	0.04	0.06	0.04	0.03	0.14	0.14	0.12	0.10	0.73	0.77	1.00	0.69	0.12	0.13	0.09	0.01	0.01	0.01
KDVFang1            	0.01	0.02	0.00	0.00	0.01	0.00	0.00	0.00	0.00	0.00	0.00	0.00	0.00	0.00	0.00	0.00	0.00	0.00	0.00	0.00	0.06	0.06	0.04	0.03	0.03	0.02	0.06	0.05	0.04	0.03	0.18	0.19	0.13	0.11	0.70	0.75	0.69	1.00	0.14	0.15	0.10	0.01	0.01	0.02
TELKoshin4          	0.00	0.01	0.01	0.01	0.04	0.03	0.01	0.02	0.02	0.02	0.01	0.01	0.03	0.03	0.02	0.02	0.01	0.01	0.01	0.01	0.05	0.04	0.02	0.03	0.05	0.05	0.11	0.09	0.08	0.06	0.12	0.13	0.12	0.11	0.11	0.11	0.12	0.14	1.00	0.75	0.60	0.02	0.02	0.04
JGYKoshin3          	0.00	0.01	0.01	0.01	0.03	0.03	0.01	0.02	0.03	0.02	0.01	0.01	0.03	0.03	0.03	0.02	0.01	0.01	0.01	0.01	0.04	0.04	0.02	0.02	0.04	0.04	0.09	0.09	0.07	0.05	0.13	0.12	0.13	0.11	0.13	0.12	0.13	0.15	0.75	1.00	0.66	0.02	0.02	0.05
MRYKoshin2          	0.01	0.01	0.00	0.00	0.01	0.00	0.00	0.01	0.00	0.00	0.00	0.00	0.00	0.00	0.00	0.00	0.00	0.00	0.00	0.00	0.04	0.03	0.03	0.02	0.02	0.02	0.06	0.07	0.04	0.04	0.10	0.10	0.07	0.07	0.20	0.20	0.09	0.10	0.60	0.66	1.00	0.01	0.01	0.07
KFKMashi1           	0.01	0.01	0.00	0.00	0.00	0.00	0.00	0.00	0.00	0.00	0.00	0.00	0.00	0.00	0.00	0.00	0.00	0.00	0.00	0.00	0.00	0.00	0.00	0.00	0.01	0.01	0.03	0.02	0.01	0.01	0.02	0.03	0.01	0.01	0.04	0.04	0.01	0.01	0.02	0.02	0.01	1.00	0.78	0.00
BKBMashi2           	0.01	0.01	0.00	0.00	0.00	0.00	0.00	0.00	0.00	0.00	0.00	0.00	0.00	0.00	0.00	0.00	0.00	0.00	0.00	0.00	0.00	0.00	0.00	0.00	0.01	0.01	0.03	0.02	0.01	0.01	0.02	0.03	0.01	0.01	0.04	0.04	0.01	0.01	0.02	0.02	0.01	0.78	1.00	0.00
DPJKoshin1          	0.00	0.00	0.00	0.00	0.00	0.00	0.00	0.00	0.00	0.00	0.00	0.00	0.00	0.00	0.00	0.00	0.00	0.00	0.00	0.00	0.00	0.00	0.00	0.00	0.01	0.01	0.01	0.00	0.01	0.01	0.03	0.02	0.02	0.02	0.03	0.03	0.01	0.02	0.04	0.05	0.07	0.00	0.00	1.00
