20
NVBAbar7            	0.0	0.09999999999999998	0.36	0.35	0.33999999999999997	0.31999999999999995	0.36	0.35	0.6599999999999999	0.6599999999999999	0.65	0.6699999999999999	0.78	0.78	0.5	0.5	0.69	0.69	0.76	0.75
ECLAbar8            	0.09999999999999998	0.0	0.36	0.35	0.35	0.31000000000000005	0.32999999999999996	0.32999999999999996	0.6799999999999999	0.6599999999999999	0.65	0.6599999999999999	0.78	0.78	0.48	0.5	0.6799999999999999	0.69	0.75	0.75
ICNBIYA2            	0.36	0.36	0.0	0.18999999999999995	0.28	0.21999999999999997	0.30000000000000004	0.28	0.62	0.61	0.69	0.71	0.78	0.77	0.56	0.5800000000000001	0.69	0.69	0.76	0.74
ENBBIYA1            	0.35	0.35	0.18999999999999995	0.0	0.20999999999999996	0.20999999999999996	0.31999999999999995	0.29000000000000004	0.64	0.6	0.69	0.69	0.78	0.78	0.5700000000000001	0.5800000000000001	0.7	0.71	0.77	0.76
MCANgun3            	0.33999999999999997	0.35	0.28	0.20999999999999996	0.0	0.16000000000000003	0.35	0.32999999999999996	0.6599999999999999	0.63	0.7	0.7	0.78	0.78	0.5900000000000001	0.5900000000000001	0.74	0.73	0.76	0.75
KBMNgun4            	0.31999999999999995	0.31000000000000005	0.21999999999999997	0.20999999999999996	0.16000000000000003	0.0	0.31999999999999995	0.31000000000000005	0.65	0.61	0.6799999999999999	0.69	0.78	0.79	0.56	0.5700000000000001	0.72	0.72	0.75	0.74
NUNMunken4          	0.36	0.32999999999999996	0.30000000000000004	0.31999999999999995	0.35	0.31999999999999995	0.0	0.13	0.6699999999999999	0.63	0.7	0.73	0.78	0.79	0.56	0.5700000000000001	0.7	0.71	0.8	0.79
NGTMunken3          	0.35	0.32999999999999996	0.28	0.29000000000000004	0.32999999999999996	0.31000000000000005	0.13	0.0	0.6699999999999999	0.63	0.69	0.7	0.8	0.78	0.56	0.56	0.71	0.72	0.79	0.78
NEMAjumbu9          	0.6599999999999999	0.6799999999999999	0.62	0.64	0.6599999999999999	0.65	0.6699999999999999	0.6699999999999999	0.0	0.14	0.6599999999999999	0.6699999999999999	0.6599999999999999	0.63	0.65	0.62	0.71	0.72	0.69	0.69
KDCAjumbu10         	0.6599999999999999	0.6599999999999999	0.61	0.6	0.63	0.61	0.63	0.63	0.14	0.0	0.6699999999999999	0.6599999999999999	0.65	0.62	0.64	0.62	0.71	0.73	0.69	0.69
TELKoshin4          	0.65	0.65	0.69	0.69	0.7	0.6799999999999999	0.7	0.69	0.6599999999999999	0.6699999999999999	0.0	0.12	0.5700000000000001	0.5800000000000001	0.55	0.52	0.5800000000000001	0.5900000000000001	0.75	0.75
JGYKoshin3          	0.6699999999999999	0.6599999999999999	0.71	0.69	0.7	0.69	0.73	0.7	0.6699999999999999	0.6599999999999999	0.12	0.0	0.55	0.54	0.56	0.55	0.5800000000000001	0.5700000000000001	0.73	0.73
KHKFANG12           	0.78	0.78	0.78	0.78	0.78	0.78	0.78	0.8	0.6599999999999999	0.65	0.5700000000000001	0.55	0.0	0.09999999999999998	0.6	0.61	0.6799999999999999	0.6699999999999999	0.76	0.75
DPNFANG13           	0.78	0.78	0.77	0.78	0.78	0.79	0.79	0.78	0.63	0.62	0.5800000000000001	0.54	0.09999999999999998	0.0	0.61	0.6	0.6599999999999999	0.6699999999999999	0.75	0.75
NNBBuu3             	0.5	0.48	0.56	0.5700000000000001	0.5900000000000001	0.56	0.56	0.56	0.65	0.64	0.55	0.56	0.6	0.61	0.0	0.08999999999999997	0.5	0.5	0.75	0.74
MNJBuu4             	0.5	0.5	0.5800000000000001	0.5800000000000001	0.5900000000000001	0.5700000000000001	0.5700000000000001	0.56	0.62	0.62	0.52	0.55	0.61	0.6	0.08999999999999997	0.0	0.47	0.48	0.75	0.75
NMNMundabli3        	0.69	0.6799999999999999	0.69	0.7	0.74	0.72	0.7	0.71	0.71	0.71	0.5800000000000001	0.5800000000000001	0.6799999999999999	0.6599999999999999	0.5	0.47	0.0	0.07999999999999996	0.84	0.8200000000000001
CENMundabli2        	0.69	0.69	0.69	0.71	0.73	0.72	0.71	0.72	0.72	0.73	0.5900000000000001	0.5700000000000001	0.6699999999999999	0.6699999999999999	0.5	0.48	0.07999999999999996	0.0	0.81	0.8
NJSKung4            	0.76	0.75	0.76	0.77	0.76	0.75	0.8	0.79	0.69	0.69	0.75	0.73	0.76	0.75	0.75	0.75	0.84	0.81	0.0	0.06000000000000005
KCSKung3            	0.75	0.75	0.74	0.76	0.75	0.74	0.79	0.78	0.69	0.69	0.75	0.73	0.75	0.75	0.74	0.75	0.8200000000000001	0.8	0.06000000000000005	0.0
