20
NVBAbar7            	0.0	0.09999999999999998	0.31000000000000005	0.28	0.26	0.24	0.30000000000000004	0.28	0.72	0.7	0.69	0.7	0.76	0.78	0.56	0.5700000000000001	0.6799999999999999	0.6799999999999999	0.83	0.83
ECLAbar8            	0.09999999999999998	0.0	0.30000000000000004	0.29000000000000004	0.28	0.21999999999999997	0.27	0.26	0.72	0.6799999999999999	0.7	0.71	0.75	0.76	0.55	0.5900000000000001	0.69	0.69	0.81	0.8200000000000001
ICNBIYA2            	0.31000000000000005	0.30000000000000004	0.0	0.18999999999999995	0.25	0.19999999999999996	0.25	0.24	0.6699999999999999	0.6599999999999999	0.73	0.74	0.76	0.78	0.56	0.61	0.69	0.69	0.81	0.8
ENBBIYA1            	0.28	0.29000000000000004	0.18999999999999995	0.0	0.18999999999999995	0.18999999999999995	0.25	0.24	0.7	0.65	0.7	0.71	0.75	0.76	0.6	0.61	0.6799999999999999	0.6699999999999999	0.83	0.8200000000000001
MCANgun3            	0.26	0.28	0.25	0.18999999999999995	0.0	0.15000000000000002	0.30000000000000004	0.28	0.7	0.6699999999999999	0.72	0.72	0.78	0.79	0.6	0.61	0.7	0.69	0.81	0.81
KBMNgun4            	0.24	0.21999999999999997	0.19999999999999996	0.18999999999999995	0.15000000000000002	0.0	0.27	0.27	0.71	0.6699999999999999	0.72	0.73	0.76	0.78	0.5900000000000001	0.61	0.69	0.69	0.81	0.81
NUNMunken4          	0.30000000000000004	0.27	0.25	0.25	0.30000000000000004	0.27	0.0	0.12	0.72	0.69	0.72	0.75	0.77	0.79	0.5900000000000001	0.63	0.71	0.71	0.84	0.85
NGTMunken3          	0.28	0.26	0.24	0.24	0.28	0.27	0.12	0.0	0.7	0.6799999999999999	0.7	0.71	0.77	0.77	0.5800000000000001	0.62	0.7	0.7	0.84	0.84
NEMAjumbu9          	0.72	0.72	0.6699999999999999	0.7	0.7	0.71	0.72	0.7	0.0	0.14	0.69	0.69	0.64	0.6599999999999999	0.63	0.63	0.6799999999999999	0.6799999999999999	0.74	0.74
KDCAjumbu10         	0.7	0.6799999999999999	0.6599999999999999	0.65	0.6699999999999999	0.6699999999999999	0.69	0.6799999999999999	0.14	0.0	0.6699999999999999	0.6699999999999999	0.61	0.62	0.62	0.62	0.6699999999999999	0.6699999999999999	0.74	0.75
TELKoshin4          	0.69	0.7	0.73	0.7	0.72	0.72	0.72	0.7	0.69	0.6699999999999999	0.0	0.12	0.55	0.56	0.56	0.5	0.53	0.54	0.79	0.79
JGYKoshin3          	0.7	0.71	0.74	0.71	0.72	0.73	0.75	0.71	0.69	0.6699999999999999	0.12	0.0	0.54	0.54	0.5800000000000001	0.54	0.55	0.54	0.78	0.78
KHKFANG12           	0.76	0.75	0.76	0.75	0.78	0.76	0.77	0.77	0.64	0.61	0.55	0.54	0.0	0.06999999999999995	0.55	0.56	0.61	0.61	0.79	0.78
DPNFANG13           	0.78	0.76	0.78	0.76	0.79	0.78	0.79	0.77	0.6599999999999999	0.62	0.56	0.54	0.06999999999999995	0.0	0.5700000000000001	0.56	0.6	0.61	0.8	0.79
NNBBuu3             	0.56	0.55	0.56	0.6	0.6	0.5900000000000001	0.5900000000000001	0.5800000000000001	0.63	0.62	0.56	0.5800000000000001	0.55	0.5700000000000001	0.0	0.10999999999999999	0.44999999999999996	0.44999999999999996	0.79	0.79
MNJBuu4             	0.5700000000000001	0.5900000000000001	0.61	0.61	0.61	0.61	0.63	0.62	0.63	0.62	0.5	0.54	0.56	0.56	0.10999999999999999	0.0	0.41000000000000003	0.42000000000000004	0.8	0.79
NMNMundabli3        	0.6799999999999999	0.69	0.69	0.6799999999999999	0.7	0.69	0.71	0.7	0.6799999999999999	0.6699999999999999	0.53	0.55	0.61	0.6	0.44999999999999996	0.41000000000000003	0.0	0.06000000000000005	0.83	0.8200000000000001
CENMundabli2        	0.6799999999999999	0.69	0.69	0.6699999999999999	0.69	0.69	0.71	0.7	0.6799999999999999	0.6699999999999999	0.54	0.54	0.61	0.61	0.44999999999999996	0.42000000000000004	0.06000000000000005	0.0	0.83	0.8200000000000001
NJSKung4            	0.83	0.81	0.81	0.83	0.81	0.81	0.84	0.84	0.74	0.74	0.79	0.78	0.79	0.8	0.79	0.8	0.83	0.83	0.0	0.07999999999999996
KCSKung3            	0.83	0.8200000000000001	0.8	0.8200000000000001	0.81	0.81	0.85	0.84	0.74	0.75	0.79	0.78	0.78	0.79	0.79	0.79	0.8200000000000001	0.8200000000000001	0.07999999999999996	0.0
