20
NVBAbar7            	0.0	0.10999999999999999	0.31000000000000005	0.29000000000000004	0.26	0.25	0.30000000000000004	0.29000000000000004	0.71	0.69	0.69	0.69	0.76	0.78	0.56	0.56	0.6699999999999999	0.6599999999999999	0.84	0.84
ECLAbar8            	0.10999999999999999	0.0	0.30000000000000004	0.30000000000000004	0.29000000000000004	0.24	0.27	0.26	0.71	0.6799999999999999	0.69	0.69	0.75	0.76	0.54	0.5700000000000001	0.6799999999999999	0.6699999999999999	0.8200000000000001	0.8200000000000001
ICNBIYA2            	0.31000000000000005	0.30000000000000004	0.0	0.18999999999999995	0.26	0.19999999999999996	0.26	0.25	0.6699999999999999	0.65	0.72	0.72	0.76	0.78	0.55	0.5900000000000001	0.6799999999999999	0.6699999999999999	0.81	0.8
ENBBIYA1            	0.29000000000000004	0.30000000000000004	0.18999999999999995	0.0	0.18999999999999995	0.18999999999999995	0.26	0.25	0.7	0.65	0.7	0.71	0.76	0.77	0.6	0.6	0.6699999999999999	0.6599999999999999	0.84	0.83
MCANgun3            	0.26	0.29000000000000004	0.26	0.18999999999999995	0.0	0.15000000000000002	0.31000000000000005	0.29000000000000004	0.7	0.6699999999999999	0.71	0.72	0.79	0.8	0.6	0.6	0.69	0.6799999999999999	0.8200000000000001	0.8200000000000001
KBMNgun4            	0.25	0.24	0.19999999999999996	0.18999999999999995	0.15000000000000002	0.0	0.27	0.28	0.69	0.65	0.71	0.72	0.77	0.79	0.5900000000000001	0.6	0.69	0.6799999999999999	0.81	0.81
NUNMunken4          	0.30000000000000004	0.27	0.26	0.26	0.31000000000000005	0.27	0.0	0.12	0.72	0.69	0.72	0.74	0.78	0.8	0.5900000000000001	0.62	0.71	0.7	0.85	0.85
NGTMunken3          	0.29000000000000004	0.26	0.25	0.25	0.29000000000000004	0.28	0.12	0.0	0.7	0.6799999999999999	0.7	0.7	0.78	0.79	0.5800000000000001	0.62	0.69	0.69	0.84	0.84
NEMAjumbu9          	0.71	0.71	0.6699999999999999	0.7	0.7	0.69	0.72	0.7	0.0	0.13	0.6799999999999999	0.69	0.64	0.65	0.63	0.62	0.6799999999999999	0.6799999999999999	0.74	0.74
KDCAjumbu10         	0.69	0.6799999999999999	0.65	0.65	0.6699999999999999	0.65	0.69	0.6799999999999999	0.13	0.0	0.6699999999999999	0.6699999999999999	0.62	0.62	0.62	0.62	0.6699999999999999	0.6699999999999999	0.74	0.75
TELKoshin4          	0.69	0.69	0.72	0.7	0.71	0.71	0.72	0.7	0.6799999999999999	0.6699999999999999	0.0	0.10999999999999999	0.53	0.53	0.54	0.48	0.52	0.53	0.8	0.79
JGYKoshin3          	0.69	0.69	0.72	0.71	0.72	0.72	0.74	0.7	0.69	0.6699999999999999	0.10999999999999999	0.0	0.52	0.51	0.56	0.52	0.54	0.53	0.78	0.78
KHKFANG12           	0.76	0.75	0.76	0.76	0.79	0.77	0.78	0.78	0.64	0.62	0.53	0.52	0.0	0.06000000000000005	0.55	0.55	0.61	0.6	0.79	0.78
DPNFANG13           	0.78	0.76	0.78	0.77	0.8	0.79	0.8	0.79	0.65	0.62	0.53	0.51	0.06000000000000005	0.0	0.5700000000000001	0.56	0.6	0.61	0.79	0.78
NNBBuu3             	0.56	0.54	0.55	0.6	0.6	0.5900000000000001	0.5900000000000001	0.5800000000000001	0.63	0.62	0.54	0.56	0.55	0.5700000000000001	0.0	0.09999999999999998	0.43999999999999995	0.43999999999999995	0.8	0.8
MNJBuu4             	0.56	0.5700000000000001	0.5900000000000001	0.6	0.6	0.6	0.62	0.62	0.62	0.62	0.48	0.52	0.55	0.56	0.09999999999999998	0.0	0.42000000000000004	0.42000000000000004	0.81	0.8
NMNMundabli3        	0.6699999999999999	0.6799999999999999	0.6799999999999999	0.6699999999999999	0.69	0.69	0.71	0.69	0.6799999999999999	0.6699999999999999	0.52	0.54	0.61	0.6	0.43999999999999995	0.42000000000000004	0.0	0.06999999999999995	0.84	0.83
CENMundabli2        	0.6599999999999999	0.6699999999999999	0.6699999999999999	0.6599999999999999	0.6799999999999999	0.6799999999999999	0.7	0.69	0.6799999999999999	0.6699999999999999	0.53	0.53	0.6	0.61	0.43999999999999995	0.42000000000000004	0.06999999999999995	0.0	0.84	0.83
NJSKung4            	0.84	0.8200000000000001	0.81	0.84	0.8200000000000001	0.81	0.85	0.84	0.74	0.74	0.8	0.78	0.79	0.79	0.8	0.81	0.84	0.84	0.0	0.07999999999999996
KCSKung3            	0.84	0.8200000000000001	0.8	0.83	0.8200000000000001	0.81	0.85	0.84	0.74	0.75	0.79	0.78	0.78	0.78	0.8	0.8	0.83	0.83	0.07999999999999996	0.0
